0;0
1;259
2;526
3;523
4;782
5;770
6;786
7;782
8;1045
9;1033
10;1026
11;1049
12;1044
13;1038
14;1038
15;1034
16;1292
17;1292
18;1299
19;1309
20;1298
21;1305
22;1290
23;1292
24;1302
25;1293
26;1293
27;1299
28;1292
29;1297
30;1310
31;1299
32;1560
33;1561
34;1568
35;1550
36;1566
37;1549
38;1558
39;1552
40;1548
41;1543
42;1554
43;1579
44;1545
45;1563
46;1556
47;1568
48;1539
49;1555
50;1558
51;1572
52;1560
53;1555
54;1565
55;1563
56;1536
57;1556
58;1542
59;1557
60;1559
61;1557
62;1559
63;1548
64;1813
65;1828
66;1820
67;1817
68;1806
69;1808
70;1809
71;1832
72;1819
73;1811
74;1816
75;1815
76;1811
77;1824
78;1821
79;1822
